4000 200
3 507
41 389
18 346
37 424
1 210
56 374
43 580
32 874
21 614
46 919
32 241
18 436
2 21
18 975
9 32
21 43
20 601
3 616
53 347
19 492
32 109
17 823
30 273
19 44
5 290
28 464
47 783
44 881
11 109
15 359
15 857
57 709
45 740
25 414
54 817
12 141
42 821
34 566
19 22
47 875
38 552
32 118
51 926
15 811
11 477
21 427
24 407
29 597
43 4
23 351
32 991
38 668
15 900
16 873
13 873
13 122
21 302
32 951
21 806
23 715
56 161
31 945
20 709
44 580
12 885
2 752
18 137
7 524
28 283
47 351
15 206
54 673
56 59
11 466
41 431
4 469
35 491
23 305
12 882
8 761
45 431
41 331
56 845
15 636
19 753
10 302
50 100
9 949
43 651
54 744
1 127
19 358
56 566
15 740
7 684
11 109
43 747
12 187
27 965
15 579
50 452
17 44
24 209
40 596
37 528
19 347
39 215
51 247
40 800
13 747
10 354
1 722
14 810
12 553
56 512
43 28
36 896
18 130
28 86
43 569
30 913
5 732
31 672
6 764
30 986
11 146
55 319
29 946
39 626
17 110
10 232
5 689
20 759
9 622
37 365
53 54
57 159
4 598
2 140
48 205
54 243
33 874
11 368
30 774
57 213
51 219
57 530
3 45
44 574
41 769
48 47
18 449
55 586
23 269
31 757
12 681
15 492
13 778
22 962
40 921
34 663
53 179
6 649
43 318
42 503
40 204
47 174
45 931
21 687
40 426
14 873
32 505
13 956
29 361
21 965
46 614
52 685
42 26
32 338
26 281
8 99
20 111
24 455
30 125
54 66
32 797
45 703
3 232
50 54
32 885
17 106
29 638
47 788
44 639
26 746
17 80
55 955
44 994
2 175
35 505

