7500 500
22 421
16 59
31 869
3 526
29 616
25 517
30 911
12 247
32 67
11 6
25 594
30 387
6 330
17 143
17 467
13 10
13 434
30 795
7 186
2 586
14 237
20 44
30 396
5 203
4 525
32 701
10 604
15 356
25 792
26 441
1 838
25 333
22 747
5 891
12 389
7 349
14 851
7 450
13 648
32 553
33 129
26 14
5 279
23 835
21 594
5 767
31 168
30 812
14 827
15 997
21 415
29 517
8 697
27 927
27 686
14 785
1 217
16 80
2 134
32 393
6 778
25 771
10 746
12 446
15 287
18 521
15 502
24 328
9 508
9 40
21 477
33 584
10 723
12 168
16 41
3 260
5 916
4 960
30 917
32 591
28 725
25 365
25 637
17 841
4 880
3 395
5 776
18 691
8 71
31 364
10 244
30 251
5 756
32 570
24 926
17 271
33 573
29 601
26 461
29 657
27 675
25 740
23 295
30 178
13 792
29 19
11 584
23 380
3 889
12 157
3 252
3 794
3 815
1 572
7 288
27 882
13 1
20 158
27 895
12 946
25 971
20 720
12 296
11 63
20 250
24 573
33 129
26 728
5 245
23 341
16 501
30 892
20 19
24 659
3 826
15 20
27 510
27 65
21 412
23 744
7 150
8 687
11 80
5 591
21 155
26 602
14 151
24 569
24 421
14 504
32 388
19 908
30 895
20 932
25 616
19 816
22 167
7 594
24 661
9 23
17 584
33 323
3 451
14 291
13 782
31 82
6 753
32 450
26 340
29 367
14 590
6 617
1 781
26 675
16 530
4 588
4 277
33 79
22 752
26 400
13 746
22 165
15 582
19 834
22 321
13 923
10 728
19 735
21 847
8 141
1 633
4 368
2 552
9 216
20 126
18 720
25 804
32 86
22 533
28 15
18 830
23 475
29 910
5 727
16 662
31 294
13 818
10 770
6 345
30 808
2 322
15 992
17 264
32 682
31 910
31 827
17 552
30 946
31 98
29 879
23 775
23 941
9 532
12 17
9 598
27 839
29 925
32 584
25 126
30 718
5 202
21 926
9 194
9 623
3 120
17 551
31 103
30 953
1 217
5 354
25 334
33 587
26 555
18 519
27 762
8 665
14 747
27 445
29 979
24 102
17 641
25 638
8 515
12 278
24 985
3 517
33 373
25 754
21 235
16 971
11 886
22 915
20 485
1 748
8 703
11 345
29 903
23 680
11 308
2 154
22 307
28 817
24 308
3 993
17 92
30 724
2 691
16 311
21 423
22 986
7 601
23 699
6 769
19 370
17 66
14 812
32 690
18 133
21 786
26 138
26 279
10 207
12 268
1 688
31 591
14 375
12 613
32 381
33 7
23 10
4 307
8 513
6 145
10 338
22 598
2 584
14 190
5 438
32 332
29 3
9 501
20 446
26 828
27 156
28 499
26 31
8 500
26 922
4 932
3 695
12 75
13 723
17 129
13 856
24 73
20 811
21 74
33 569
14 353
1 338
5 9
19 17
16 153
32 624
4 284
6 889
12 215
27 182
3 95
14 39
5 89
28 814
3 791
22 561
21 424
14 606
13 156
17 52
22 973
8 411
23 870
9 896
23 804
22 231
29 898
19 585
30 284
20 921
29 520
13 517
30 925
7 208
3 594
32 724
7 475
24 902
15 493
15 725
25 919
29 315
21 998
32 823
11 685
2 161
27 931
5 972
8 853
29 188
29 998
25 289
28 724
18 241
6 342
27 173
7 992
6 54
23 336
4 937
27 312
21 84
4 137
15 953
7 527
6 708
19 385
21 227
13 614
27 726
9 953
18 302
6 411
17 416
8 600
1 917
5 508
18 632
9 136
1 256
2 778
20 514
5 109
27 80
12 405
15 768
7 379
33 237
3 82
15 700
3 711
6 912
17 828
14 102
19 133
8 835
14 597
17 5
6 3
26 511
1 620
8 741
9 728
32 165
13 709
1 943
22 137
19 143
30 935
16 233
32 810
5 401
29 787
22 268
23 608
5 671
25 97
15 692
19 439
29 537
17 813
7 719
24 306
26 703
2 684
30 131
14 538
29 833
29 160
8 59
11 510
15 337
30 140
15 353
14 223
24 9
33 806
23 979
8 184
4 920
14 735
25 191
4 559
2 562
33 338
20 464
26 80
10 896
7 308
33 362
7 498
24 557
28 707
4 290
25 455
16 283
18 266
12 775
6 777
17 501
16 888
19 744
9 605
22 737
15 960
7 838
1 432
30 697
22 223
32 164
27 274
2 176
